{
  "camera_angle_x": 0.5754794319098783,
  "camera_angle_y": 0.9626086042917501,
  "fl_x": 919.0652278593966,
  "fl_y": 919.0652278593966,
  "k1": 0,
  "k2": 0,
  "p1": 0,
  "p2": 0,
  "cx": 272.0,
  "cy": 480.0,
  "w": 544.0,
  "h": 960.0,
  "aabb_scale": 1,
  "frames": [
    {
      "file_path": "images/001.jpg",
      "sharpness": 19.298709403158657,
      "transform_matrix": [
        [
          0.34214699694724426,
          -0.10427071937837488,
          0.9338431611189625,
          4.371052371355853
        ],
        [
          0.9393547007121265,
          0.06271875339035007,
          -0.33716331980692543,
          -1.5135144195065078
        ],
        [
          -0.023413217023215947,
          0.9925693804776721,
          0.11940622351949452,
          1.0819674656531069
        ],
        [
          0.0,
          0.0,
          0.0,
          1.0
        ]
      ]
    },
    {
      "file_path": "images/002.jpg",
      "sharpness": 17.15440410251757,
      "transform_matrix": [
        [
          0.34134898252327733,
          -0.10399137030088723,
          0.9341662951753426,
          4.390460392556182
        ],
        [
          0.9396454765261393,
          0.06248945359823047,
          -0.33639477795143313,
          -1.5122463173954617
        ],
        [
          -0.023393387434158194,
          0.9926131487645585,
          0.11904573210517493,
          1.0797748621427277
        ],
        [
          0.0,
          0.0,
          0.0,
          1.0
        ]
      ]
    },
    {
      "file_path": "images/003.jpg",
      "sharpness": 16.18755743955841,
      "transform_matrix": [
        [
          0.3406907711836893,
          -0.1050245227599243,
          0.9342909868224519,
          4.39110091168452
        ],
        [
          0.9398748783708252,
          0.06316974910670668,
          -0.3356259760585538,
          -1.5037464129979734
        ],
        [
          -0.023769969268848282,
          0.9924613002153775,
          0.1202312610935819,
          1.0829656086129362
        ],
        [
          0.0,
          0.0,
          0.0,
          1.0
        ]
      ]
    },
    {
      "file_path": "images/004.jpg",
      "sharpness": 18.277405023981814,
      "transform_matrix": [
        [
          0.33132447261140324,
          -0.1054521097631319,
          0.9376054321534394,
          4.37089611084007
        ],
        [
          0.9432008816341801,
          0.06273464895088113,
          -0.3262460125511887,
          -1.4369812671887388
        ],
        [
          -0.024417017315253156,
          0.9924435582822163,
          0.12024804737688255,
          1.0871744549638633
        ],
        [
          0.0,
          0.0,
          0.0,
          1.0
        ]
      ]
    },
    {
      "file_path": "images/005.jpg",
      "sharpness": 12.813840323524813,
      "transform_matrix": [
        [
          0.3114731960543115,
          -0.10466573476888927,
          0.9444731505518614,
          4.534484680253743
        ],
        [
          0.9498476086555515,
          0.0633910033779805,
          -0.30622067373398915,
          -1.2609477656448684
        ],
        [
          -0.02782028885925263,
          0.9924850954368905,
          0.11916109630163493,
          1.065085374786528
        ],
        [
          0.0,
          0.0,
          0.0,
          1.0
        ]
      ]
    },
    {
      "file_path": "images/006.jpg",
      "sharpness": 16.708547754460046,
      "transform_matrix": [
        [
          0.28890468591445584,
          -0.10615406900231525,
          0.9514543583899752,
          4.281577210277071
        ],
        [
          0.956844685576496,
          0.06455354592064087,
          -0.2833391737708064,
          -0.9102875842829292
        ],
        [
          -0.03134214641219599,
          0.9922520613995588,
          0.12022277868605316,
          0.9664212599327888
        ],
        [
          0.0,
          0.0,
          0.0,
          1.0
        ]
      ]
    },
    {
      "file_path": "images/007.jpg",
      "sharpness": 14.896208639177893,
      "transform_matrix": [
        [
          0.2606672060958193,
          -0.10746104347646232,
          0.9594293782293241,
          4.403794807788498
        ],
        [
          0.9648109140419571,
          0.06454309657664271,
          -0.25490015462893817,
          -0.7959209684466712
        ],
        [
          -0.03453270641878624,
          0.9921120465086583,
          0.1205038562378342,
          0.9290532635529889
        ],
        [
          0.0,
          0.0,
          0.0,
          1.0
        ]
      ]
    },
    {
      "file_path": "images/008.jpg",
      "sharpness": 14.298075591262972,
      "transform_matrix": [
        [
          0.23176305523110438,
          -0.1089301345577609,
          0.9666540808497787,
          4.473597668508268
        ],
        [
          0.9720292965151013,
          0.06476325312838326,
          -0.22575377684685868,
          -0.7212495942572597
        ],
        [
          -0.03801227363680779,
          0.9919374712338512,
          0.12089301147521515,
          0.8689728838767674
        ],
        [
          0.0,
          0.0,
          0.0,
          1.0
        ]
      ]
    },
    {
      "file_path": "images/009.jpg",
      "sharpness": 13.169506269141095,
      "transform_matrix": [
        [
          0.20364498150828955,
          -0.11080375592104841,
          0.9727544650057564,
          4.484648182492902
        ],
        [
          0.9782040473555383,
          0.06419538875311866,
          -0.19747352683363603,
          -0.6785015435306863
        ],
        [
          -0.04056554257423364,
          0.9917668474722149,
          0.12146175125971104,
          0.9153365597939804
        ],
        [
          0.0,
          0.0,
          0.0,
          1.0
        ]
      ]
    },
    {
      "file_path": "images/010.jpg",
      "sharpness": 15.991844709774753,
      "transform_matrix": [
        [
          0.180811333379072,
          -0.11286494637156493,
          0.9770203506634773,
          4.345859156417016
        ],
        [
          0.9825775125376032,
          0.06415759749225873,
          -0.17442830773550694,
          -0.6892492662399358
        ],
        [
          -0.042996436801362024,
          0.9915368407542485,
          0.12249897900743535,
          0.9771727618551483
        ],
        [
          0.0,
          0.0,
          0.0,
          1.0
        ]
      ]
    },
    {
      "file_path": "images/011.jpg",
      "sharpness": 15.97831065912698,
      "transform_matrix": [
        [
          0.15551188150464657,
          -0.11263030888916564,
          0.9813921072837165,
          4.427589653080953
        ],
        [
          0.9867203396584987,
          0.06487281333078954,
          -0.14891101166401655,
          -0.6506556195991341
        ],
        [
          -0.0468937737394104,
          0.9915169850377902,
          0.12122310990252995,
          0.8993315122301989
        ],
        [
          0.0,
          0.0,
          0.0,
          1.0
        ]
      ]
    },
    {
      "file_path": "images/012.jpg",
      "sharpness": 15.878142154225023,
      "transform_matrix": [
        [
          0.12931548435378232,
          -0.1111651780138077,
          0.9853526316562325,
          4.584833605147198
        ],
        [
          0.9904551355523321,
          0.06228980412734721,
          -0.12295773566483593,
          -0.6774390719650234
        ],
        [
          -0.047708803848876644,
          0.9918479134964635,
          0.11815915764939514,
          0.8590118034843339
        ],
        [
          0.0,
          0.0,
          0.0,
          1.0
        ]
      ]
    },
    {
      "file_path": "images/013.jpg",
      "sharpness": 15.682035059578734,
      "transform_matrix": [
        [
          0.09885959411391833,
          -0.11312201751314918,
          0.9886506915052171,
          4.584247438354956
        ],
        [
          0.9937104415728477,
          0.06373482314710137,
          -0.09207296360788346,
          -0.5167957476315375
        ],
        [
          -0.05259599757560593,
          0.9915348110280919,
          0.11871132872184773,
          0.8495205539635756
        ],
        [
          0.0,
          0.0,
          0.0,
          1.0
        ]
      ]
    },
    {
      "file_path": "images/014.jpg",
      "sharpness": 15.3255591148837,
      "transform_matrix": [
        [
          0.06311194918676215,
          -0.11474525666840509,
          0.9913881217516717,
          4.5083668527623235
        ],
        [
          0.9963453582317899,
          0.06453370861060924,
          -0.0559582664399291,
          -0.24748340256200255
        ],
        [
          -0.057557006523772915,
          0.9912965885815468,
          0.11839875199934687,
          0.8779118308209456
        ],
        [
          0.0,
          0.0,
          0.0,
          1.0
        ]
      ]
    },
    {
      "file_path": "images/015.jpg",
      "sharpness": 18.241230070766058,
      "transform_matrix": [
        [
          0.028054331585620592,
          -0.11954429781042748,
          0.9924324235677984,
          4.368558071453815
        ],
        [
          0.9977767004046323,
          0.06339206140658764,
          -0.020569459893322012,
          0.004423935122207901
        ],
        [
          -0.060453375497411525,
          0.9908030114104346,
          0.1210569369320735,
          0.8559041652598218
        ],
        [
          0.0,
          0.0,
          0.0,
          1.0
        ]
      ]
    },
    {
      "file_path": "images/016.jpg",
      "sharpness": 15.554013470477761,
      "transform_matrix": [
        [
          -0.008094172523767196,
          -0.1214799348938871,
          0.9925608846804768,
          4.385492058942399
        ],
        [
          0.997856123347234,
          0.06348323764707679,
          0.015907093898944544,
          0.09202576123801845
        ],
        [
          -0.0649433712525582,
          0.9905617113357313,
          0.1207056526198058,
          0.8159283893341777
        ],
        [
          0.0,
          0.0,
          0.0,
          1.0
        ]
      ]
    },
    {
      "file_path": "images/017.jpg",
      "sharpness": 13.72701821221246,
      "transform_matrix": [
        [
          -0.0413907246230437,
          -0.1244110566714803,
          0.9913670848386199,
          4.479299167133764
        ],
        [
          0.9969843464196605,
          0.0600453758710596,
          0.04916061259485066,
          0.31117467247346875
        ],
        [
          -0.0656431329948742,
          0.9904122585180088,
          0.12155055440542892,
          0.7299365504199687
        ],
        [
          0.0,
          0.0,
          0.0,
          1.0
        ]
      ]
    },
    {
      "file_path": "images/018.jpg",
      "sharpness": 13.190602012892409,
      "transform_matrix": [
        [
          -0.07478777165851938,
          -0.1290328782933295,
          0.9888161131059962,
          4.5502925757919295
        ],
        [
          0.9949554753990109,
          0.056829677334468545,
          0.08266794873240677,
          0.6682061361570616
        ],
        [
          -0.06686098401848495,
          0.9900105575708558,
          0.12413180383252478,
          0.6084096208970096
        ],
        [
          0.0,
          0.0,
          0.0,
          1.0
        ]
      ]
    },
    {
      "file_path": "images/019.jpg",
      "sharpness": 16.270182211354154,
      "transform_matrix": [
        [
          -0.1006927832389525,
          -0.12714556545097055,
          0.986759833291822,
          4.542761509878519
        ],
        [
          0.9926752451648608,
          0.05371123619939785,
          0.10821719245503988,
          0.7844300735648772
        ],
        [
          -0.06675942660422804,
          0.9904287497343999,
          0.12080592149154493,
          0.5443143967902155
        ],
        [
          0.0,
          0.0,
          0.0,
          1.0
        ]
      ]
    },
    {
      "file_path": "images/020.jpg",
      "sharpness": 14.906391625439193,
      "transform_matrix": [
        [
          -0.11468822498915143,
          -0.130890553537061,
          0.9847407141232446,
          4.382207203367134
        ],
        [
          0.9914565426113564,
          0.04691888474679114,
          0.12170678850125065,
          0.7447185503163535
        ],
        [
          -0.06213320498756802,
          0.9902859593356086,
          0.12439125206026114,
          0.504914507447614
        ],
        [
          0.0,
          0.0,
          0.0,
          1.0
        ]
      ]
    },
    {
      "file_path": "images/021.jpg",
      "sharpness": 15.948598267431668,
      "transform_matrix": [
        [
          -0.11975991522649297,
          -0.1376693567774614,
          0.9832114273734726,
          4.403065718550689
        ],
        [
          0.990981405522382,
          0.04338619679547741,
          0.1267812755754694,
          0.6790285702597364
        ],
        [
          -0.06011170113948865,
          0.9895275570394563,
          0.13123184542646468,
          0.6403055258025466
        ],
        [
          0.0,
          0.0,
          0.0,
          1.0
        ]
      ]
    },
    {
      "file_path": "images/022.jpg",
      "sharpness": 15.65699670915557,
      "transform_matrix": [
        [
          -0.12124240641171985,
          -0.14336853851323603,
          0.9822147123009471,
          4.21321872099715
        ],
        [
          0.9909599031960726,
          0.03977268363795684,
          0.12812729566294884,
          0.651311950584479
        ],
        [
          -0.05743473813974262,
          0.9888698578727066,
          0.13725033717272087,
          0.680420981899586
        ],
        [
          0.0,
          0.0,
          0.0,
          1.0
        ]
      ]
    },
    {
      "file_path": "images/023.jpg",
      "sharpness": 13.437948037455145,
      "transform_matrix": [
        [
          -0.1273997137563311,
          -0.14172145662680427,
          0.9816742543607526,
          4.204605148106195
        ],
        [
          0.9902979178138903,
          0.037198593127299846,
          0.13388912817274518,
          0.8099169944785666
        ],
        [
          -0.05549186344264543,
          0.9892074066692492,
          0.13560737329051964,
          0.6447155142467019
        ],
        [
          0.0,
          0.0,
          0.0,
          1.0
        ]
      ]
    },
    {
      "file_path": "images/024.jpg",
      "sharpness": 16.21295570908854,
      "transform_matrix": [
        [
          -0.14213870618814478,
          -0.1455208495449146,
          0.9790915537166299,
          4.1207533699745085
        ],
        [
          0.9884331603290771,
          0.03197719367835599,
          0.1482475856341841,
          0.9132092679108766
        ],
        [
          -0.0528817148465081,
          0.9888382787091942,
          0.1392924362724829,
          0.6093474593873698
        ],
        [
          0.0,
          0.0,
          0.0,
          1.0
        ]
      ]
    },
    {
      "file_path": "images/025.jpg",
      "sharpness": 14.657935046541013,
      "transform_matrix": [
        [
          -0.1845155749277627,
          -0.14684971459859242,
          0.9717968738063255,
          4.016712769687018
        ],
        [
          0.9814067476610097,
          0.025656101123845188,
          0.19021713939757762,
          1.0262939254571004
        ],
        [
          -0.052865851498506644,
          0.9888260341464609,
          0.13938535054988097,
          0.6205698866486313
        ],
        [
          0.0,
          0.0,
          0.0,
          1.0
        ]
      ]
    },
    {
      "file_path": "images/026.jpg",
      "sharpness": 15.982578886179503,
      "transform_matrix": [
        [
          -0.237723021851179,
          -0.1530738446347663,
          0.9591955811924039,
          3.8288798688436416
        ],
        [
          0.9697746641127158,
          0.01851140516256354,
          0.24329905204092306,
          1.1564399727800139
        ],
        [
          -0.054998779325491375,
          0.9880413584339602,
          0.1440465490911664,
          0.620285516175859
        ],
        [
          0.0,
          0.0,
          0.0,
          1.0
        ]
      ]
    },
    {
      "file_path": "images/027.jpg",
      "sharpness": 17.430177528164304,
      "transform_matrix": [
        [
          -0.30214279586162934,
          -0.15382510604652705,
          0.9407696677014257,
          3.628792978857487
        ],
        [
          0.9514461689353378,
          0.01223336349520537,
          0.30757199553258735,
          1.2894633261521455
        ],
        [
          -0.05882107213999729,
          0.9880223588440488,
          0.1426600851848073,
          0.5223095948420459
        ],
        [
          0.0,
          0.0,
          0.0,
          1.0
        ]
      ]
    },
    {
      "file_path": "images/028.jpg",
      "sharpness": 19.6511680444045,
      "transform_matrix": [
        [
          -0.36423990803188,
          -0.1546670901127739,
          0.9183721362505142,
          3.4691231728153316
        ],
        [
          0.9293292422081482,
          0.0038390289932731013,
          0.36923220530345524,
          1.4257920950305012
        ],
        [
          -0.06063372802788762,
          0.9879591859489074,
          0.14233832208160205,
          0.43397533987414966
        ],
        [
          0.0,
          0.0,
          0.0,
          1.0
        ]
      ]
    },
    {
      "file_path": "images/029.jpg",
      "sharpness": 16.10634573766701,
      "transform_matrix": [
        [
          -0.42071368762142247,
          -0.1551391180549771,
          0.8938298759302388,
          3.536585013485823
        ],
        [
          0.9052397259784822,
          -0.007163402423653474,
          0.4248408221630241,
          1.5284373688821502
        ],
        [
          -0.059506567364550365,
          0.987866660902793,
          0.14345183416620239,
          0.43677522841768734
        ],
        [
          0.0,
          0.0,
          0.0,
          1.0
        ]
      ]
    },
    {
      "file_path": "images/030.jpg",
      "sharpness": 16.774590180722253,
      "transform_matrix": [
        [
          -0.46686474585413495,
          -0.1607070686997463,
          0.8696036724605336,
          3.6701992533639998
        ],
        [
          0.8826498096179746,
          -0.024115739229872035,
          0.4694121267104051,
          1.7452193021597286
        ],
        [
          -0.054466711497345825,
          0.9867074891778839,
          0.15310685205873265,
          0.5377940456810146
        ],
        [
          0.0,
          0.0,
          0.0,
          1.0
        ]
      ]
    },
    {
      "file_path": "images/031.jpg",
      "sharpness": 17.180683207029755,
      "transform_matrix": [
        [
          -0.5026205773510704,
          -0.15572919152988124,
          0.8503652004504207,
          3.398129879656028
        ],
        [
          0.8631750664966257,
          -0.03581734890933696,
          0.5036327254018426,
          1.7801880753355805
        ],
        [
          -0.04797249006992863,
          0.9871502096595755,
          0.15242409184226663,
          0.5606520766137972
        ],
        [
          0.0,
          0.0,
          0.0,
          1.0
        ]
      ]
    },
    {
      "file_path": "images/032.jpg",
      "sharpness": 16.503952182416327,
      "transform_matrix": [
        [
          -0.527010469177417,
          -0.16066887857454862,
          0.8345330891243039,
          3.4281727113620297
        ],
        [
          0.8488277422052685,
          -0.05115680880136758,
          0.5261886020962462,
          1.924232684027852
        ],
        [
          -0.04185008293876658,
          0.985681739903523,
          0.1633403752511147,
          0.6651744069290754
        ],
        [
          0.0,
          0.0,
          0.0,
          1.0
        ]
      ]
    },
    {
      "file_path": "images/033.jpg",
      "sharpness": 18.280487883266048,
      "transform_matrix": [
        [
          -0.5344489412749767,
          -0.1598966851162378,
          0.8299381779790909,
          3.4046905586528835
        ],
        [
          0.8442050163665544,
          -0.0533384643241953,
          0.5333600084043773,
          1.8830145926053228
        ],
        [
          -0.04101486942000326,
          0.9856916649341989,
          0.1634922694628106,
          0.8778218076855726
        ],
        [
          0.0,
          0.0,
          0.0,
          1.0
        ]
      ]
    },
    {
      "file_path": "images/034.jpg",
      "sharpness": 21.25734908805357,
      "transform_matrix": [
        [
          -0.5528281596629339,
          -0.1555444219499466,
          0.8186494724192453,
          3.3794767637895875
        ],
        [
          0.8323424266200358,
          -0.056105735580074347,
          0.5514147543213948,
          1.863307128374966
        ],
        [
          -0.03983855838327164,
          0.9862342922671321,
          0.160483052160297,
          0.9415589973092516
        ],
        [
          0.0,
          0.0,
          0.0,
          1.0
        ]
      ]
    },
    {
      "file_path": "images/035.jpg",
      "sharpness": 15.573965992647059,
      "transform_matrix": [
        [
          -0.5619583569759505,
          -0.15942807554322969,
          0.8116560193590819,
          3.3939311944602997
        ],
        [
          0.8261858591786816,
          -0.06044082208308303,
          0.5601462604705487,
          2.1153757876508825
        ],
        [
          -0.040245883270810565,
          0.9853575979119843,
          0.16568244664197207,
          0.910887211617325
        ],
        [
          0.0,
          0.0,
          0.0,
          1.0
        ]
      ]
    },
    {
      "file_path": "images/036.jpg",
      "sharpness": 19.437837001356154,
      "transform_matrix": [
        [
          -0.5854934950310076,
          -0.15123608092724714,
          0.7964452367303735,
          3.2358073126130167
        ],
        [
          0.8096088618567507,
          -0.05866435724357504,
          0.5840308073999606,
          2.3127393055525705
        ],
        [
          -0.041603582559451596,
          0.9867553602708926,
          0.1567896709074724,
          0.7865187804325652
        ],
        [
          0.0,
          0.0,
          0.0,
          1.0
        ]
      ]
    },
    {
      "file_path": "images/037.jpg",
      "sharpness": 22.388610592042422,
      "transform_matrix": [
        [
          -0.6126191795311418,
          -0.15240864985933472,
          0.7755445469649076,
          3.103978752947526
        ],
        [
          0.7891104470858435,
          -0.06238768256627376,
          0.6110748557779356,
          2.507304946140408
        ],
        [
          -0.04474866672005163,
          0.986346480969256,
          0.1584871487368494,
          0.8324795289059964
        ],
        [
          0.0,
          0.0,
          0.0,
          1.0
        ]
      ]
    },
    {
      "file_path": "images/038.jpg",
      "sharpness": 26.721740938543764,
      "transform_matrix": [
        [
          -0.6475512813126794,
          -0.15365417754014463,
          0.7463697018255275,
          2.9138655962317923
        ],
        [
          0.7605869864576081,
          -0.07024748779511433,
          0.6454244545179897,
          2.6558095098422463
        ],
        [
          -0.046741567203626294,
          0.9856245148084029,
          0.16235621858260402,
          0.8770717903615344
        ],
        [
          0.0,
          0.0,
          0.0,
          1.0
        ]
      ]
    },
    {
      "file_path": "images/039.jpg",
      "sharpness": 22.175674011160076,
      "transform_matrix": [
        [
          -0.6818513244764031,
          -0.15364903180277165,
          0.7151718299431291,
          2.8802698564146048
        ],
        [
          0.7295917364388202,
          -0.07244632211770602,
          0.6800348730262586,
          2.765517604662626
        ],
        [
          -0.05267513107103626,
          0.9854661361234333,
          0.16149868460452968,
          0.898527487266515
        ],
        [
          0.0,
          0.0,
          0.0,
          1.0
        ]
      ]
    },
    {
      "file_path": "images/040.jpg",
      "sharpness": 24.502083318315073,
      "transform_matrix": [
        [
          -0.7206194532570136,
          -0.15051687268456027,
          0.6767955929475165,
          2.7220608954315644
        ],
        [
          0.6911950089937923,
          -0.0793982533181736,
          0.7182933780233044,
          2.720256993693099
        ],
        [
          -0.05437888499662603,
          0.9854139173036048,
          0.16125243706462628,
          0.9116111411928914
        ],
        [
          0.0,
          0.0,
          0.0,
          1.0
        ]
      ]
    },
    {
      "file_path": "images/041.jpg",
      "sharpness": 22.734979991920174,
      "transform_matrix": [
        [
          -0.7554045727396649,
          -0.14389757004962705,
          0.6392631858836976,
          2.4632277081473353
        ],
        [
          0.6527711470248745,
          -0.08033303950056071,
          0.7532837661708012,
          2.722321347156041
        ],
        [
          -0.05704174874696043,
          0.9863265646360565,
          0.15461612723618698,
          0.7949938059397642
        ],
        [
          0.0,
          0.0,
          0.0,
          1.0
        ]
      ]
    },
    {
      "file_path": "images/042.jpg",
      "sharpness": 20.47826279161711,
      "transform_matrix": [
        [
          -0.7852704369842459,
          -0.13579509769816403,
          0.6040778362496639,
          2.321046830700618
        ],
        [
          0.6164830984919218,
          -0.08097869741478382,
          0.783192849711257,
          2.9172588591021364
        ],
        [
          -0.0574363132264048,
          0.9874219675571838,
          0.14730555969429976,
          0.6996590941645103
        ],
        [
          0.0,
          0.0,
          0.0,
          1.0
        ]
      ]
    },
    {
      "file_path": "images/043.jpg",
      "sharpness": 21.16097148643003,
      "transform_matrix": [
        [
          -0.818685379942626,
          -0.13536852706802965,
          0.558058787724007,
          2.168638511813837
        ],
        [
          0.5712031640421398,
          -0.09211941014629053,
          0.8156230499823941,
          3.1234679204249534
        ],
        [
          -0.05900164456676115,
          0.9865036118342732,
          0.15273974526868905,
          0.7843788559308988
        ],
        [
          0.0,
          0.0,
          0.0,
          1.0
        ]
      ]
    },
    {
      "file_path": "images/044.jpg",
      "sharpness": 22.43067937688889,
      "transform_matrix": [
        [
          -0.8362872781711039,
          -0.13220753912189168,
          0.5321134794166168,
          2.1666443108528104
        ],
        [
          0.5449808092242912,
          -0.09394402436624427,
          0.833168913164159,
          3.1585486279977713
        ],
        [
          -0.06016233000637295,
          0.9867601972584525,
          0.150614764093887,
          0.7868015426749346
        ],
        [
          0.0,
          0.0,
          0.0,
          1.0
        ]
      ]
    },
    {
      "file_path": "images/045.jpg",
      "sharpness": 19.548860513844076,
      "transform_matrix": [
        [
          -0.8569013507199015,
          -0.1276163996086959,
          0.4994338091215692,
          2.1485522208537535
        ],
        [
          0.5119700146371956,
          -0.09781752226525077,
          0.8534157465446205,
          3.2195302363609364
        ],
        [
          -0.060056467199623764,
          0.9869882405059985,
          0.14915573692877768,
          0.7891673580297959
        ],
        [
          0.0,
          0.0,
          0.0,
          1.0
        ]
      ]
    },
    {
      "file_path": "images/046.jpg",
      "sharpness": 21.863947575080406,
      "transform_matrix": [
        [
          -0.8695781485857091,
          -0.12455998933468923,
          0.47782701113221937,
          2.231128896741976
        ],
        [
          0.49002131188935755,
          -0.09826590587254817,
          0.8661541003986045,
          3.400824661384217
        ],
        [
          -0.060934041408567806,
          0.9873340978657198,
          0.1464869338804568,
          0.9213604905178855
        ],
        [
          0.0,
          0.0,
          0.0,
          1.0
        ]
      ]
    },
    {
      "file_path": "images/047.jpg",
      "sharpness": 22.504821382395715,
      "transform_matrix": [
        [
          -0.8840772792046868,
          -0.12238439012595487,
          0.45103151270825287,
          2.0878940322471835
        ],
        [
          0.46342101564942445,
          -0.10484059432889344,
          0.8799144344964773,
          3.4713406736442227
        ],
        [
          -0.06040137957548277,
          0.9869298408917307,
          0.14940268575629578,
          0.9652446086441863
        ],
        [
          0.0,
          0.0,
          0.0,
          1.0
        ]
      ]
    },
    {
      "file_path": "images/048.jpg",
      "sharpness": 28.496936090536085,
      "transform_matrix": [
        [
          -0.8993578500301377,
          -0.12169595322507899,
          0.4199351766239236,
          1.8829282640984837
        ],
        [
          0.4326739218017054,
          -0.10968609949358091,
          0.8948531929711436,
          3.499162957205561
        ],
        [
          -0.06283896075110279,
          0.9864882434954967,
          0.15130171996803055,
          0.9116180099767389
        ],
        [
          0.0,
          0.0,
          0.0,
          1.0
        ]
      ]
    },
    {
      "file_path": "images/049.jpg",
      "sharpness": 25.833731076989633,
      "transform_matrix": [
        [
          -0.9167450010043966,
          -0.11417097422335264,
          0.3828101249793393,
          1.7913256284719812
        ],
        [
          0.3948417424621987,
          -0.113476217862724,
          0.9117143995731457,
          3.6600758951436636
        ],
        [
          -0.0606514760705129,
          0.9869590349314206,
          0.14910822185949346,
          0.9103767365375768
        ],
        [
          0.0,
          0.0,
          0.0,
          1.0
        ]
      ]
    },
    {
      "file_path": "images/050.jpg",
      "sharpness": 28.201738644137563,
      "transform_matrix": [
        [
          -0.9370845009426857,
          -0.10719081823078697,
          0.3322390202675929,
          1.5356337406874465
        ],
        [
          0.3438339873321301,
          -0.11866872986233101,
          0.9315019708557707,
          3.605624484161132
        ],
        [
          -0.060422075893760224,
          0.9871311265724347,
          0.14805847393822993,
          0.9039450678539742
        ],
        [
          0.0,
          0.0,
          0.0,
          1.0
        ]
      ]
    },
    {
      "file_path": "images/051.jpg",
      "sharpness": 28.86859295027754,
      "transform_matrix": [
        [
          -0.9537123978636239,
          -0.0995826799824867,
          0.28375332952598153,
          1.2007001843778085
        ],
        [
          0.29514753821766343,
          -0.12915631010129255,
          0.9466818780588898,
          3.561332558716223
        ],
        [
          -0.05762458548742601,
          0.9866113406082417,
          0.1525695570518698,
          0.8849603461521949
        ],
        [
          0.0,
          0.0,
          0.0,
          1.0
        ]
      ]
    },
    {
      "file_path": "images/052.jpg",
      "sharpness": 28.015627679821154,
      "transform_matrix": [
        [
          -0.968321148782023,
          -0.09422170563941497,
          0.23124969841325313,
          0.7873751463640387
        ],
        [
          0.24270258382415819,
          -0.13730200623090114,
          0.9603351575830605,
          3.5631590233505315
        ],
        [
          -0.05873336900054184,
          0.9860377423200484,
          0.15582028781458804,
          0.7699502342826678
        ],
        [
          0.0,
          0.0,
          0.0,
          1.0
        ]
      ]
    },
    {
      "file_path": "images/053.jpg",
      "sharpness": 25.63156566940697,
      "transform_matrix": [
        [
          -0.9792815810736131,
          -0.08728253737509575,
          0.18272751201635595,
          0.4342343008861454
        ],
        [
          0.19345725279673576,
          -0.13654990520737514,
          0.9715597844333778,
          3.6918051734874426
        ],
        [
          -0.05984877875233339,
          0.9867805642925238,
          0.15060624696464478,
          0.6295825798338789
        ],
        [
          0.0,
          0.0,
          0.0,
          1.0
        ]
      ]
    },
    {
      "file_path": "images/054.jpg",
      "sharpness": 26.47979645960057,
      "transform_matrix": [
        [
          -0.9853854663851168,
          -0.08382682812200262,
          0.14828535171198828,
          0.364338030774037
        ],
        [
          0.15886958455106204,
          -0.1382354306400977,
          0.9775742533538587,
          3.8042558554669057
        ],
        [
          -0.061448659460863954,
          0.9868454937886666,
          0.149532717650216,
          0.5845362164334529
        ],
        [
          0.0,
          0.0,
          0.0,
          1.0
        ]
      ]
    },
    {
      "file_path": "images/055.jpg",
      "sharpness": 27.6875876828186,
      "transform_matrix": [
        [
          -0.9897118470610232,
          -0.0758560224193104,
          0.12131085548349313,
          0.4585823080341039
        ],
        [
          0.1311000982902154,
          -0.1412463091473703,
          0.981255442981376,
          3.62399102741343
        ],
        [
          -0.0572994242853122,
          0.9870640019893363,
          0.1497378775118725,
          0.5992403627133481
        ],
        [
          0.0,
          0.0,
          0.0,
          1.0
        ]
      ]
    },
    {
      "file_path": "images/056.jpg",
      "sharpness": 31.063537820055597,
      "transform_matrix": [
        [
          -0.9926330395495644,
          -0.0706641982814573,
          0.09841859521548736,
          0.392327810478125
        ],
        [
          0.10772028811583904,
          -0.1428807092170715,
          0.9838604791645521,
          3.5941564855358523
        ],
        [
          -0.05546159329643685,
          0.9872140973583688,
          0.14944008048149254,
          0.6398612155588927
        ],
        [
          0.0,
          0.0,
          0.0,
          1.0
        ]
      ]
    },
    {
      "file_path": "images/057.jpg",
      "sharpness": 35.75302734374633,
      "transform_matrix": [
        [
          -0.9951864588880684,
          -0.06633484654845284,
          0.0721359839995121,
          0.2798994414787642
        ],
        [
          0.08141668279388274,
          -0.14994483579425105,
          0.9853364247715144,
          3.496141577400108
        ],
        [
          -0.05454572226015599,
          0.9864665399091064,
          0.15462383332224997,
          0.7250944736380368
        ],
        [
          0.0,
          0.0,
          0.0,
          1.0
        ]
      ]
    },
    {
      "file_path": "images/058.jpg",
      "sharpness": 25.979529982115483,
      "transform_matrix": [
        [
          -0.9971889997140925,
          -0.06315853873197147,
          0.040312502313891045,
          0.289099050714322
        ],
        [
          0.04983397206498225,
          -0.15728455763846494,
          0.9862951602622481,
          3.387005085614142
        ],
        [
          -0.05595242698683934,
          0.9855316163989422,
          0.15998987155680863,
          0.8213017048176173
        ],
        [
          0.0,
          0.0,
          0.0,
          1.0
        ]
      ]
    },
    {
      "file_path": "images/059.jpg",
      "sharpness": 30.879838617358562,
      "transform_matrix": [
        [
          -0.9984182906851562,
          -0.055278451243910134,
          0.010257176110593305,
          0.21532916265425353
        ],
        [
          0.01925579783735426,
          -0.16480840787265233,
          0.9861376186639284,
          3.4122475892190236
        ],
        [
          -0.052821691409043345,
          0.9847753457163375,
          0.16561215956067038,
          0.9164059708774569
        ],
        [
          0.0,
          0.0,
          0.0,
          1.0
        ]
      ]
    },
    {
      "file_path": "images/060.jpg",
      "sharpness": 28.35530979148795,
      "transform_matrix": [
        [
          -0.9985890757132175,
          -0.05022596835897381,
          -0.01723977891339374,
          0.02555989343075542
        ],
        [
          -0.00860778679795768,
          -0.16725687544930892,
          0.9858757749439885,
          3.4424747360404204
        ],
        [
          -0.05240003703270675,
          0.9846331752107007,
          0.16658855423425112,
          0.8838937013827953
        ],
        [
          0.0,
          0.0,
          0.0,
          1.0
        ]
      ]
    },
    {
      "file_path": "images/061.jpg",
